301 9
   0  99  24  88  64
  89   0  75  73  82
   7  98   0  31  37
  11   7  39   0  15
  36  77  98  65   0


Mo¿liwoœci:
120
1 2 3 4 5
1 2 3 5 4
1 2 4 3 5
1 2 4 5 3
1 2 5 3 4
1 2 5 4 3
1 3 2 4 5
1 3 2 5 4
1 3 4 2 5
1 3 4 5 2
1 3 5 2 4
1 3 5 4 2
1 4 2 3 5
1 4 2 5 3
1 4 3 2 5
1 4 3 5 2
1 4 5 2 3
1 4 5 3 2
1 5 2 3 4
1 5 2 4 3
1 5 3 2 4
1 5 3 4 2
1 5 4 2 3
1 5 4 3 2
2 1 3 4 5
2 1 3 5 4
2 1 4 3 5
2 1 4 5 3
2 1 5 3 4
2 1 5 4 3
2 3 1 4 5
2 3 1 5 4
2 3 4 1 5
2 3 4 5 1
2 3 5 1 4
2 3 5 4 1
2 4 1 3 5
2 4 1 5 3
2 4 3 1 5
2 4 3 5 1
2 4 5 1 3
2 4 5 3 1
2 5 1 3 4
2 5 1 4 3
2 5 3 1 4
2 5 3 4 1
2 5 4 1 3
2 5 4 3 1
3 1 2 4 5
3 1 2 5 4
3 1 4 2 5
3 1 4 5 2
3 1 5 2 4
3 1 5 4 2
3 2 1 4 5
3 2 1 5 4
3 2 4 1 5
3 2 4 5 1
3 2 5 1 4
3 2 5 4 1
3 4 1 2 5
3 4 1 5 2
3 4 2 1 5
3 4 2 5 1
3 4 5 1 2
3 4 5 2 1
3 5 1 2 4
3 5 1 4 2
3 5 2 1 4
3 5 2 4 1
3 5 4 1 2
3 5 4 2 1
4 1 2 3 5
4 1 2 5 3
4 1 3 2 5
4 1 3 5 2
4 1 5 2 3
4 1 5 3 2
4 2 1 3 5
4 2 1 5 3
4 2 3 1 5
4 2 3 5 1
4 2 5 1 3
4 2 5 3 1
4 3 1 2 5
4 3 1 5 2
4 3 2 1 5
4 3 2 5 1
4 3 5 1 2
4 3 5 2 1
4 5 1 2 3
4 5 1 3 2
4 5 2 1 3
4 5 2 3 1
4 5 3 1 2
4 5 3 2 1
5 1 2 3 4
5 1 2 4 3
5 1 3 2 4
5 1 3 4 2
5 1 4 2 3
5 1 4 3 2
5 2 1 3 4
5 2 1 4 3
5 2 3 1 4
5 2 3 4 1
5 2 4 1 3
5 2 4 3 1
5 3 1 2 4
5 3 1 4 2
5 3 2 1 4
5 3 2 4 1
5 3 4 1 2
5 3 4 2 1
5 4 1 2 3
5 4 1 3 2
5 4 2 1 3
5 4 2 3 1
5 4 3 1 2
5 4 3 2 1
