1. Droga: [1, 2, 3, 4, 5] długość: 220
2. Droga: [1, 2, 3, 5, 4] długość: 276
3. Droga: [1, 2, 4, 3, 5] długość: 248
4. Droga: [1, 2, 4, 5, 3] długość: 285
5. Droga: [1, 2, 5, 3, 4] długość: 310
6. Droga: [1, 2, 5, 4, 3] długość: 285
7. Droga: [1, 3, 2, 4, 5] długość: 210
8. Droga: [1, 3, 2, 5, 4] długość: 269
9. Droga: [1, 3, 4, 2, 5] długość: 144
10. Droga: [1, 3, 4, 5, 2] długość: 147
11. Droga: [1, 3, 5, 2, 4] długość: 211
12. Droga: [1, 3, 5, 4, 2] długość: 133
13. Droga: [1, 4, 2, 3, 5] długość: 207
14. Droga: [1, 4, 2, 5, 3] długość: 275
15. Droga: [1, 4, 3, 2, 5] długość: 307
16. Droga: [1, 4, 3, 5, 2] długość: 241
17. Droga: [1, 4, 5, 2, 3] długość: 255
18. Droga: [1, 4, 5, 3, 2] długość: 299
19. Droga: [1, 5, 2, 3, 4] długość: 247
20. Droga: [1, 5, 2, 4, 3] długość: 253
21. Droga: [1, 5, 3, 2, 4] długość: 333
22. Droga: [1, 5, 3, 4, 2] długość: 200
23. Droga: [1, 5, 4, 2, 3] długość: 211
24. Droga: [1, 5, 4, 3, 2] długość: 266
25. Droga: [2, 1, 3, 4, 5] długość: 159
26. Droga: [2, 1, 3, 5, 4] długość: 215
27. Droga: [2, 1, 4, 3, 5] długość: 253
28. Droga: [2, 1, 4, 5, 3] długość: 290
29. Droga: [2, 1, 5, 3, 4] długość: 282
30. Droga: [2, 1, 5, 4, 3] długość: 257
31. Droga: [2, 3, 1, 4, 5] długość: 185
32. Droga: [2, 3, 1, 5, 4] długość: 211
33. Droga: [2, 3, 4, 1, 5] długość: 181
34. Droga: [2, 3, 4, 5, 1] długość: 157
35. Droga: [2, 3, 5, 1, 4] długość: 236
36. Droga: [2, 3, 5, 4, 1] długość: 188
37. Droga: [2, 4, 1, 3, 5] długość: 145
38. Droga: [2, 4, 1, 5, 3] długość: 246
39. Droga: [2, 4, 3, 1, 5] długość: 183
40. Droga: [2, 4, 3, 5, 1] długość: 185
41. Droga: [2, 4, 5, 1, 3] długość: 148
42. Droga: [2, 4, 5, 3, 1] długość: 193
43. Droga: [2, 5, 1, 3, 4] długość: 173
44. Droga: [2, 5, 1, 4, 3] długość: 245
45. Droga: [2, 5, 3, 1, 4] długość: 275
46. Droga: [2, 5, 3, 4, 1] długość: 222
47. Droga: [2, 5, 4, 1, 3] długość: 182
48. Droga: [2, 5, 4, 3, 1] długość: 193
49. Droga: [3, 1, 2, 4, 5] długość: 194
50. Droga: [3, 1, 2, 5, 4] długość: 253
51. Droga: [3, 1, 4, 2, 5] długość: 184
52. Droga: [3, 1, 4, 5, 2] długość: 187
53. Droga: [3, 1, 5, 2, 4] długość: 221
54. Droga: [3, 1, 5, 4, 2] długość: 143
55. Droga: [3, 2, 1, 4, 5] długość: 290
56. Droga: [3, 2, 1, 5, 4] długość: 316
57. Droga: [3, 2, 4, 1, 5] długość: 246
58. Droga: [3, 2, 4, 5, 1] długość: 222
59. Droga: [3, 2, 5, 1, 4] długość: 304
60. Droga: [3, 2, 5, 4, 1] długość: 256
61. Droga: [3, 4, 1, 2, 5] długość: 223
62. Droga: [3, 4, 1, 5, 2] długość: 183
63. Droga: [3, 4, 2, 1, 5] długość: 191
64. Droga: [3, 4, 2, 5, 1] długość: 156
65. Droga: [3, 4, 5, 1, 2] długość: 181
66. Droga: [3, 4, 5, 2, 1] długość: 212
67. Droga: [3, 5, 1, 2, 4] długość: 245
68. Droga: [3, 5, 1, 4, 2] długość: 168
69. Droga: [3, 5, 2, 1, 4] długość: 291
70. Droga: [3, 5, 2, 4, 1] długość: 198
71. Droga: [3, 5, 4, 1, 2] długość: 212
72. Droga: [3, 5, 4, 2, 1] długość: 198
73. Droga: [4, 1, 2, 3, 5] długość: 222
74. Droga: [4, 1, 2, 5, 3] długość: 290
75. Droga: [4, 1, 3, 2, 5] długość: 215
76. Droga: [4, 1, 3, 5, 2] długość: 149
77. Droga: [4, 1, 5, 2, 3] długość: 227
78. Droga: [4, 1, 5, 3, 2] długość: 271
79. Droga: [4, 2, 1, 3, 5] długość: 157
80. Droga: [4, 2, 1, 5, 3] długość: 258
81. Droga: [4, 2, 3, 1, 5] długość: 153
82. Droga: [4, 2, 3, 5, 1] długość: 155
83. Droga: [4, 2, 5, 1, 3] długość: 149
84. Droga: [4, 2, 5, 3, 1] długość: 194
85. Droga: [4, 3, 1, 2, 5] długość: 227
86. Droga: [4, 3, 1, 5, 2] długość: 187
87. Droga: [4, 3, 2, 1, 5] długość: 290
88. Droga: [4, 3, 2, 5, 1] długość: 255
89. Droga: [4, 3, 5, 1, 2] długość: 211
90. Droga: [4, 3, 5, 2, 1] długość: 242
91. Droga: [4, 5, 1, 2, 3] długość: 225
92. Droga: [4, 5, 1, 3, 2] długość: 173
93. Droga: [4, 5, 2, 1, 3] długość: 205
94. Droga: [4, 5, 2, 3, 1] długość: 174
95. Droga: [4, 5, 3, 1, 2] długość: 219
96. Droga: [4, 5, 3, 2, 1] długość: 300
97. Droga: [5, 1, 2, 3, 4] długość: 241
98. Droga: [5, 1, 2, 4, 3] długość: 247
99. Droga: [5, 1, 3, 2, 4] długość: 231
100. Droga: [5, 1, 3, 4, 2] długość: 98
101. Droga: [5, 1, 4, 2, 3] długość: 206
102. Droga: [5, 1, 4, 3, 2] długość: 261
103. Droga: [5, 2, 1, 3, 4] długość: 221
104. Droga: [5, 2, 1, 4, 3] długość: 293
105. Droga: [5, 2, 3, 1, 4] długość: 247
106. Droga: [5, 2, 3, 4, 1] długość: 194
107. Droga: [5, 2, 4, 1, 3] długość: 185
108. Droga: [5, 2, 4, 3, 1] długość: 196
109. Droga: [5, 3, 1, 2, 4] długość: 277
110. Droga: [5, 3, 1, 4, 2] długość: 200
111. Droga: [5, 3, 2, 1, 4] długość: 373
112. Droga: [5, 3, 2, 4, 1] długość: 280
113. Droga: [5, 3, 4, 1, 2] długość: 239
114. Droga: [5, 3, 4, 2, 1] długość: 225
115. Droga: [5, 4, 1, 2, 3] długość: 250
116. Droga: [5, 4, 1, 3, 2] długość: 198
117. Droga: [5, 4, 2, 1, 3] długość: 185
118. Droga: [5, 4, 2, 3, 1] długość: 154
119. Droga: [5, 4, 3, 1, 2] długość: 210
120. Droga: [5, 4, 3, 2, 1] długość: 291
Ile możliwych dróg: 120


Najkrótsza: [5, 1, 3, 4, 2] o długości: 98


Najdłuższa: [5, 3, 2, 1, 4] o długości: 373
